{
 "cells": [
  {
   "cell_type": "code",
   "execution_count": 1,
   "metadata": {},
   "outputs": [],
   "source": [
    "import numpy as np\n",
    "import matplotlib.pyplot as plt\n",
    "\n",
    "def cross_product_matrix(k):\n",
    "    \"\"\"Creates the skew-symmetric cross-product matrix K for a vector k.\"\"\"\n",
    "    return np.array([0, -k[1], k[2]],\n",
    "        [k[1], 0, -k],\n",
    "        [-k[2], k\n",
    "    ])\n",
    "\n",
    "import numpy as np\n",
    "\n",
    "def calculate_ellipticity_from_torque(intrinsic_inertia_tensor, tidal_field, C_torque=0.1):\n",
    "    def levi_civita_symbol():\n",
    "        e = np.zeros((3, 3, 3))\n",
    "        e[0, 1, 2] = e[1, 2, 0] = e[2, 0, 1] = 1\n",
    "        e[0, 2, 1] = e[1, 0, 2] = e[2, 1, 0] = -1\n",
    "        return e\n",
    "\n",
    "    epsilon = levi_civita_symbol()\n",
    "\n",
    "    # Torque: L_i = ε_ijk * s_jl * I_lk\n",
    "    torque_vector = np.einsum('ijk,jl,lk->i', epsilon, tidal_field, intrinsic_inertia_tensor)\n",
    "\n",
    "    # Small-angle rotation vector: θ = C * L\n",
    "    theta = C_torque * torque_vector\n",
    "    angle = np.linalg.norm(theta)\n",
    "    if angle == 0:\n",
    "        R = np.eye(3)\n",
    "    else:\n",
    "        axis = theta / angle\n",
    "        K = np.array([[0, -axis[2], axis[1]],\n",
    "                      [axis[2], 0, -axis[0]],\n",
    "                      [-axis[1], axis[0], 0]])\n",
    "        R = np.eye(3) + np.sin(angle) * K + (1 - np.cos(angle)) * K @ K\n",
    "\n",
    "    # Rotate inertia tensor\n",
    "    rotated_inertia = R @ intrinsic_inertia_tensor @ R.T\n",
    "\n",
    "    # Projected 2D components (onto x-y plane)\n",
    "    I_xx = rotated_inertia[0, 0]\n",
    "    I_yy = rotated_inertia[1, 1]\n",
    "    I_xy = rotated_inertia[0, 1]\n",
    "\n",
    "    denom = I_xx + I_yy\n",
    "    if denom == 0:\n",
    "        return 0.0, 0.0\n",
    "\n",
    "    e_plus = (I_xx - I_yy) / denom\n",
    "    e_cross = (2 * I_xy) / denom\n",
    "\n",
    "    return e_plus, e_cross, rotated_inertia\n",
    "\n",
    "\n",
    "# --- Main Calculation and Plotting ---\n",
    "\n",
    "# Define the intrinsic inertia tensor for a disk-like (oblate) galaxy.\n",
    "# It is flattened along its own z-axis (I_zz < I_xx = I_yy).\n",
    "# This is the inertia tensor in the galaxy's own principal axis frame.\n",
    "I_intrinsic_principal = np.array([[2.0, 0.1, 0.2],\n",
    "                                    [0.1, -1.0, 0.3],\n",
    "                                    [0.2, 0.3, -1.0]]) / 3.0\n",
    "\n",
    "I_intrinsic_principal = np.array([[1.0, 0., 0.],\n",
    "                   [0., 1, 0.],\n",
    "                   [0., 0., 0.1]]) / 3.0\n",
    "\n",
    "# Define a base tidal field, representing stretching along the x-axis\n",
    "# and compression along y and z. It must be trace-free.\n",
    "# Add off-diagonal elements to induce torque\n",
    "# s_base = np.array([[1.0, 0.5, 0.2],\n",
    "#                    [0., 1, 0.1],\n",
    "#                    [0., 0., 1]]) / 3.0\n",
    "\n",
    "s_base = np.array([[2.0, 0.1, 0.2],\n",
    "                    [0.1, -1.0, 0.3],\n",
    "                    [0.2, 0.3, -1.0]]) / 3.0\n",
    "\n",
    "\n",
    "\n",
    "\n",
    "# Define a range of tidal field strengths to test.\n",
    "tidal_strengths = np.linspace(0, 2000.0, 100)\n",
    "\n",
    "# Initialize lists to store the results\n",
    "e_plus_results = []\n",
    "e_cross_results = []\n",
    "I_obs = []\n",
    "\n",
    "for strength in tidal_strengths:\n",
    "    # Scale the tidal field by the current strength\n",
    "    s_current = strength * s_base\n",
    "    \n",
    "    # Calculate the resulting ellipticity using the corrected method\n",
    "    ep, ex, rI = calculate_ellipticity_from_torque(I_intrinsic_principal, s_current, C_torque=0.1)\n",
    "    e_plus_results.append(ep)\n",
    "    e_cross_results.append(ex)\n",
    "    I_obs.append( rI )"
   ]
  },
  {
   "cell_type": "code",
   "execution_count": 2,
   "metadata": {},
   "outputs": [],
   "source": [
    "import numpy as np\n",
    "import matplotlib.pyplot as plt\n",
    "\n",
    "def calculate_ttt_ellipticity(I, s, epsilon=1e-6):\n",
    "    \"\"\"\n",
    "    Compute observed ellipticity induced by tidal torque.\n",
    "    \n",
    "    Parameters\n",
    "    ----------\n",
    "    I : ndarray (3x3)\n",
    "        Inertia tensor (symmetric)\n",
    "    s : ndarray (3x3)\n",
    "        Tidal shear tensor (symmetric, trace-free)\n",
    "    A : float\n",
    "        Alignment amplitude\n",
    "    epsilon : float\n",
    "        Small value to prevent division by zero\n",
    "    \n",
    "    Returns\n",
    "    -------\n",
    "    e_plus, e_cross : float\n",
    "        Ellipticity components in x-y projection\n",
    "    \"\"\"\n",
    "    # Levi-Civita symbol\n",
    "    e = np.zeros((3, 3, 3))\n",
    "    e[0, 1, 2] = e[1, 2, 0] = e[2, 0, 1] = 1\n",
    "    e[0, 2, 1] = e[1, 0, 2] = e[2, 1, 0] = -1\n",
    "\n",
    "    # Angular momentum: L_i = ε_ijk * s_jl * I_lk\n",
    "    L = np.einsum('ijk,jl,lk->i', e, s, I)\n",
    "\n",
    "    # Projected angular momentum (on x-y plane)\n",
    "    Lx, Ly = L[0], L[1]\n",
    "    L2 = Lx**2 + Ly**2 + epsilon\n",
    "    e_plus = (Lx**2 - Ly**2) / L2\n",
    "    e_cross = 2 * (Lx * Ly) / L2\n",
    "\n",
    "    L = np.einsum('ijk,jk->i', e, I)\n",
    "    Lx, Ly = L[0], L[1]\n",
    "    L2 = Lx**2 + Ly**2 + epsilon\n",
    "    e_plus_int = (Lx**2 - Ly**2) / L2\n",
    "    e_cross_int = 2 * (Lx * Ly) / L2\n",
    "\n",
    "    L = np.einsum('ijk,jk->i', e, s)\n",
    "    Lx, Ly = L[0], L[1]\n",
    "    L2 = Lx**2 + Ly**2 + epsilon\n",
    "    e_plus_s = (Lx**2 - Ly**2) / L2\n",
    "    e_cross_s = 2 * (Lx * Ly) / L2\n",
    "\n",
    "    return e_plus, e_cross, e_plus_int, e_cross_int, e_plus_s, e_cross_s"
   ]
  },
  {
   "cell_type": "code",
   "execution_count": 3,
   "metadata": {},
   "outputs": [],
   "source": [
    "def trace_free_sI(s, I):\n",
    "    \"\"\"\n",
    "    Compute T_ij = s_ik I_kj - (1/3) δ_ij Tr(s_ik I_kj)\n",
    "    \n",
    "    Parameters:\n",
    "    -----------\n",
    "    s : (3,3) np.ndarray\n",
    "        Symmetric tidal tensor.\n",
    "    I : (3,3) np.ndarray\n",
    "        Symmetric inertia tensor.\n",
    "        \n",
    "    Returns:\n",
    "    --------\n",
    "    T : (3,3) np.ndarray\n",
    "        Trace-free symmetric tensor from s and I.\n",
    "    \"\"\"\n",
    "    T_raw = s @ I\n",
    "    trace_T = np.trace(T_raw)\n",
    "    identity = np.eye(3)\n",
    "    T = T_raw - (1/3) * trace_T * identity\n",
    "    return T\n",
    "\n",
    "def calculate_ttt_ellipticity(I, s, epsilon=1e-6):\n",
    "    \"\"\"\n",
    "    Compute observed ellipticity induced by tidal torque.\n",
    "    \n",
    "    Parameters\n",
    "    ----------\n",
    "    I : ndarray (3x3)\n",
    "        Inertia tensor (symmetric)\n",
    "    s : ndarray (3x3)\n",
    "        Tidal shear tensor (symmetric, trace-free)\n",
    "    A : float\n",
    "        Alignment amplitude\n",
    "    epsilon : float\n",
    "        Small value to prevent division by zero\n",
    "    \n",
    "    Returns\n",
    "    -------\n",
    "    e_plus, e_cross : float\n",
    "        Ellipticity components in x-y projection\n",
    "    \"\"\"\n",
    "\n",
    "    T = trace_free_sI(s, I)\n",
    "    Lx, Ly = T[0, 0], T[1, 0]\n",
    "    e_plus = T[0,0] - T[1,1]\n",
    "    e_cross = 2 * T[0,1] / np.trace(s @ I) #* T[1,0] \n",
    "\n",
    "    T = trace_free_sI(I, I)\n",
    "    Lx, Ly = T[0, 1], T[1, 0]\n",
    "    e_plus_int = T[0,0] - T[1,1]\n",
    "    e_cross_int = 2 * T[0,1] / np.trace(I @ I) #* T[1,0] \n",
    "\n",
    "    T = trace_free_sI(s, s)\n",
    "    Lx, Ly = T[0, 1], T[1, 0]\n",
    "    e_plus_s = T[0,0] - T[1,1]\n",
    "    e_cross_s = 2 * T[0,1] / np.trace(s @ s ) #* T[1,0] / \n",
    "\n",
    "    print( T )\n",
    "\n",
    "    return e_plus, e_cross, e_plus_int, e_cross_int, e_plus_s, e_cross_s"
   ]
  },
  {
   "cell_type": "markdown",
   "metadata": {},
   "source": [
    "![image.png](attachment:image.png)"
   ]
  },
  {
   "cell_type": "code",
   "execution_count": 4,
   "metadata": {},
   "outputs": [],
   "source": [
    "# --- Input Setup ---\n",
    "\n",
    "# Inertia tensor of a flattened disk-like galaxy (in its principal frame)\n",
    "I_intrinsic_lrg = np.array([\n",
    "    [2.0, 0.1, 0.0],\n",
    "    [0.1, 1.5, 0.0],\n",
    "    [0.0, 0.0, 1.2]\n",
    "])\n",
    "\n",
    "I_intrinsic_disk = np.array([\n",
    "    [1.0, 0.3, 0.2],\n",
    "    [0.0, 1, 0.1],\n",
    "    [0.0, 0.0, 0.1]\n",
    "]) / 3.0\n",
    "\n",
    "# Tidal shear tensor (trace-free with off-diagonal torque terms)\n",
    "s_base = np.array([\n",
    "    [4.0, 0.1, 0.2],\n",
    "    [0.1, .0, 0.3],\n",
    "    [0.2, 0.3, .0]\n",
    "]) / 3.0\n",
    "\n",
    "# s_base = np.array([\n",
    "#     [1.0, 0.0, 0.0],\n",
    "#     [0.0, 0.0, 0.0],\n",
    "#     [0.0, 0.0, 0.0]\n",
    "# ]) / 3.0"
   ]
  },
  {
   "cell_type": "code",
   "execution_count": 5,
   "metadata": {},
   "outputs": [
    {
     "name": "stdout",
     "output_type": "stream",
     "text": [
      "[[0. 0. 0.]\n",
      " [0. 0. 0.]\n",
      " [0. 0. 0.]]\n",
      "[[0. 0. 0.]\n",
      " [0. 0. 0.]\n",
      " [0. 0. 0.]]\n",
      "[[ 3.30077508e-04  1.42926564e-05  2.57889236e-05]\n",
      " [ 1.42926564e-05 -1.65504819e-04  6.21419845e-07]\n",
      " [ 2.57889236e-05  6.21419845e-07 -1.64572689e-04]]\n",
      "[[ 3.30077508e-04  1.42926564e-05  2.57889236e-05]\n",
      " [ 1.42926564e-05 -1.65504819e-04  6.21419845e-07]\n",
      " [ 2.57889236e-05  6.21419845e-07 -1.64572689e-04]]\n",
      "[[ 1.32031003e-03  5.71706257e-05  1.03155694e-04]\n",
      " [ 5.71706257e-05 -6.62019275e-04  2.48567938e-06]\n",
      " [ 1.03155694e-04  2.48567938e-06 -6.58290756e-04]]\n",
      "[[ 1.32031003e-03  5.71706257e-05  1.03155694e-04]\n",
      " [ 5.71706257e-05 -6.62019275e-04  2.48567938e-06]\n",
      " [ 1.03155694e-04  2.48567938e-06 -6.58290756e-04]]\n",
      "[[ 2.97069757e-03  1.28633908e-04  2.32100312e-04]\n",
      " [ 1.28633908e-04 -1.48954337e-03  5.59277860e-06]\n",
      " [ 2.32100312e-04  5.59277860e-06 -1.48115420e-03]]\n",
      "[[ 2.97069757e-03  1.28633908e-04  2.32100312e-04]\n",
      " [ 1.28633908e-04 -1.48954337e-03  5.59277860e-06]\n",
      " [ 2.32100312e-04  5.59277860e-06 -1.48115420e-03]]\n",
      "[[ 5.28124012e-03  2.28682503e-04  4.12622777e-04]\n",
      " [ 2.28682503e-04 -2.64807710e-03  9.94271752e-06]\n",
      " [ 4.12622777e-04  9.94271752e-06 -2.63316302e-03]]\n",
      "[[ 5.28124012e-03  2.28682503e-04  4.12622777e-04]\n",
      " [ 2.28682503e-04 -2.64807710e-03  9.94271752e-06]\n",
      " [ 4.12622777e-04  9.94271752e-06 -2.63316302e-03]]\n",
      "[[ 8.25193769e-03  3.57316411e-04  6.44723089e-04]\n",
      " [ 3.57316411e-04 -4.13762047e-03  1.55354961e-05]\n",
      " [ 6.44723089e-04  1.55354961e-05 -4.11431722e-03]]\n",
      "[[ 8.25193769e-03  3.57316411e-04  6.44723089e-04]\n",
      " [ 3.57316411e-04 -4.13762047e-03  1.55354961e-05]\n",
      " [ 6.44723089e-04  1.55354961e-05 -4.11431722e-03]]\n",
      "[[ 1.18827903e-02  5.14535632e-04  9.28401248e-04]\n",
      " [ 5.14535632e-04 -5.95817347e-03  2.23711144e-05]\n",
      " [ 9.28401248e-04  2.23711144e-05 -5.92461680e-03]]\n",
      "[[ 1.18827903e-02  5.14535632e-04  9.28401248e-04]\n",
      " [ 5.14535632e-04 -5.95817347e-03  2.23711144e-05]\n",
      " [ 9.28401248e-04  2.23711144e-05 -5.92461680e-03]]\n",
      "[[ 1.61737979e-02  7.00340165e-04  1.26365725e-03]\n",
      " [ 7.00340165e-04 -8.10973612e-03  3.04495724e-05]\n",
      " [ 1.26365725e-03  3.04495724e-05 -8.06406176e-03]]\n",
      "[[ 1.61737979e-02  7.00340165e-04  1.26365725e-03]\n",
      " [ 7.00340165e-04 -8.10973612e-03  3.04495724e-05]\n",
      " [ 1.26365725e-03  3.04495724e-05 -8.06406176e-03]]\n",
      "[[ 2.11249605e-02  9.14730012e-04  1.65049111e-03]\n",
      " [ 9.14730012e-04 -1.05923084e-02  3.97708701e-05]\n",
      " [ 1.65049111e-03  3.97708701e-05 -1.05326521e-02]]\n",
      "[[ 2.11249605e-02  9.14730012e-04  1.65049111e-03]\n",
      " [ 9.14730012e-04 -1.05923084e-02  3.97708701e-05]\n",
      " [ 1.65049111e-03  3.97708701e-05 -1.05326521e-02]]\n",
      "[[ 2.67362781e-02  1.15770517e-03  2.08890281e-03]\n",
      " [ 1.15770517e-03 -1.34058903e-02  5.03350074e-05]\n",
      " [ 2.08890281e-03  5.03350074e-05 -1.33303878e-02]]\n",
      "[[ 2.67362781e-02  1.15770517e-03  2.08890281e-03]\n",
      " [ 1.15770517e-03 -1.34058903e-02  5.03350074e-05]\n",
      " [ 2.08890281e-03  5.03350074e-05 -1.33303878e-02]]\n",
      "[[ 3.30077508e-02  1.42926564e-03  2.57889236e-03]\n",
      " [ 1.42926564e-03 -1.65504819e-02  6.21419845e-05]\n",
      " [ 2.57889236e-03  6.21419845e-05 -1.64572689e-02]]\n",
      "[[ 3.30077508e-02  1.42926564e-03  2.57889236e-03]\n",
      " [ 1.42926564e-03 -1.65504819e-02  6.21419845e-05]\n",
      " [ 2.57889236e-03  6.21419845e-05 -1.64572689e-02]]\n",
      "[[ 3.99393784e-02  1.72941143e-03  3.12045975e-03]\n",
      " [ 1.72941143e-03 -2.00260831e-02  7.51918012e-05]\n",
      " [ 3.12045975e-03  7.51918012e-05 -1.99132954e-02]]\n",
      "[[ 3.99393784e-02  1.72941143e-03  3.12045975e-03]\n",
      " [ 1.72941143e-03 -2.00260831e-02  7.51918012e-05]\n",
      " [ 3.12045975e-03  7.51918012e-05 -1.99132954e-02]]\n",
      "[[ 4.75311611e-02  2.05814253e-03  3.71360499e-03]\n",
      " [ 2.05814253e-03 -2.38326939e-02  8.94844577e-05]\n",
      " [ 3.71360499e-03  8.94844577e-05 -2.36984672e-02]]\n",
      "[[ 4.75311611e-02  2.05814253e-03  3.71360499e-03]\n",
      " [ 2.05814253e-03 -2.38326939e-02  8.94844577e-05]\n",
      " [ 3.71360499e-03  8.94844577e-05 -2.36984672e-02]]\n",
      "[[ 0.0557831   0.00241546  0.00435833]\n",
      " [ 0.00241546 -0.02797031  0.00010502]\n",
      " [ 0.00435833  0.00010502 -0.02781278]]\n",
      "[[ 0.0557831   0.00241546  0.00435833]\n",
      " [ 0.00241546 -0.02797031  0.00010502]\n",
      " [ 0.00435833  0.00010502 -0.02781278]]\n",
      "[[ 0.06469519  0.00280136  0.00505463]\n",
      " [ 0.00280136 -0.03243894  0.0001218 ]\n",
      " [ 0.00505463  0.0001218  -0.03225625]]\n",
      "[[ 0.06469519  0.00280136  0.00505463]\n",
      " [ 0.00280136 -0.03243894  0.0001218 ]\n",
      " [ 0.00505463  0.0001218  -0.03225625]]\n",
      "[[ 0.07426744  0.00321585  0.00580251]\n",
      " [ 0.00321585 -0.03723858  0.00013982]\n",
      " [ 0.00580251  0.00013982 -0.03702886]]\n",
      "[[ 0.07426744  0.00321585  0.00580251]\n",
      " [ 0.00321585 -0.03723858  0.00013982]\n",
      " [ 0.00580251  0.00013982 -0.03702886]]\n",
      "[[ 0.08449984  0.00365892  0.00660196]\n",
      " [ 0.00365892 -0.04236923  0.00015908]\n",
      " [ 0.00660196  0.00015908 -0.04213061]]\n",
      "[[ 0.08449984  0.00365892  0.00660196]\n",
      " [ 0.00365892 -0.04236923  0.00015908]\n",
      " [ 0.00660196  0.00015908 -0.04213061]]\n",
      "[[ 0.0953924   0.00413058  0.007453  ]\n",
      " [ 0.00413058 -0.04783089  0.00017959]\n",
      " [ 0.007453    0.00017959 -0.04756151]]\n",
      "[[ 0.0953924   0.00413058  0.007453  ]\n",
      " [ 0.00413058 -0.04783089  0.00017959]\n",
      " [ 0.007453    0.00017959 -0.04756151]]\n",
      "[[ 0.10694511  0.00463082  0.00835561]\n",
      " [ 0.00463082 -0.05362356  0.00020134]\n",
      " [ 0.00835561  0.00020134 -0.05332155]]\n",
      "[[ 0.10694511  0.00463082  0.00835561]\n",
      " [ 0.00463082 -0.05362356  0.00020134]\n",
      " [ 0.00835561  0.00020134 -0.05332155]]\n",
      "[[ 0.11915798  0.00515965  0.0093098 ]\n",
      " [ 0.00515965 -0.05974724  0.00022433]\n",
      " [ 0.0093098   0.00022433 -0.05941074]]\n",
      "[[ 0.11915798  0.00515965  0.0093098 ]\n",
      " [ 0.00515965 -0.05974724  0.00022433]\n",
      " [ 0.0093098   0.00022433 -0.05941074]]\n",
      "[[ 0.132031    0.00571706  0.01031557]\n",
      " [ 0.00571706 -0.06620193  0.00024857]\n",
      " [ 0.01031557  0.00024857 -0.06582908]]\n",
      "[[ 0.132031    0.00571706  0.01031557]\n",
      " [ 0.00571706 -0.06620193  0.00024857]\n",
      " [ 0.01031557  0.00024857 -0.06582908]]\n",
      "[[ 0.14556418  0.00630306  0.01137292]\n",
      " [ 0.00630306 -0.07298763  0.00027405]\n",
      " [ 0.01137292  0.00027405 -0.07257656]]\n",
      "[[ 0.14556418  0.00630306  0.01137292]\n",
      " [ 0.00630306 -0.07298763  0.00027405]\n",
      " [ 0.01137292  0.00027405 -0.07257656]]\n",
      "[[ 0.15975751  0.00691765  0.01248184]\n",
      " [ 0.00691765 -0.08010433  0.00030077]\n",
      " [ 0.01248184  0.00030077 -0.07965318]]\n",
      "[[ 0.15975751  0.00691765  0.01248184]\n",
      " [ 0.00691765 -0.08010433  0.00030077]\n",
      " [ 0.01248184  0.00030077 -0.07965318]]\n",
      "[[ 0.174611    0.00756082  0.01364234]\n",
      " [ 0.00756082 -0.08755205  0.00032873]\n",
      " [ 0.01364234  0.00032873 -0.08705895]]\n",
      "[[ 0.174611    0.00756082  0.01364234]\n",
      " [ 0.00756082 -0.08755205  0.00032873]\n",
      " [ 0.01364234  0.00032873 -0.08705895]]\n",
      "[[ 0.19012464  0.00823257  0.01485442]\n",
      " [ 0.00823257 -0.09533078  0.00035794]\n",
      " [ 0.01485442  0.00035794 -0.09479387]]\n",
      "[[ 0.19012464  0.00823257  0.01485442]\n",
      " [ 0.00823257 -0.09533078  0.00035794]\n",
      " [ 0.01485442  0.00035794 -0.09479387]]\n",
      "[[ 0.20629844  0.00893291  0.01611808]\n",
      " [ 0.00893291 -0.10344051  0.00038839]\n",
      " [ 0.01611808  0.00038839 -0.10285793]]\n",
      "[[ 0.20629844  0.00893291  0.01611808]\n",
      " [ 0.00893291 -0.10344051  0.00038839]\n",
      " [ 0.01611808  0.00038839 -0.10285793]]\n",
      "[[ 0.2231324   0.00966184  0.01743331]\n",
      " [ 0.00966184 -0.11188126  0.00042008]\n",
      " [ 0.01743331  0.00042008 -0.11125114]]\n",
      "[[ 0.2231324   0.00966184  0.01743331]\n",
      " [ 0.00966184 -0.11188126  0.00042008]\n",
      " [ 0.01743331  0.00042008 -0.11125114]]\n",
      "[[ 0.2406265   0.01041935  0.01880013]\n",
      " [ 0.01041935 -0.12065301  0.00045302]\n",
      " [ 0.01880013  0.00045302 -0.11997349]]\n",
      "[[ 0.2406265   0.01041935  0.01880013]\n",
      " [ 0.01041935 -0.12065301  0.00045302]\n",
      " [ 0.01880013  0.00045302 -0.11997349]]\n",
      "[[ 0.25878077  0.01120544  0.02021852]\n",
      " [ 0.01120544 -0.12975578  0.00048719]\n",
      " [ 0.02021852  0.00048719 -0.12902499]]\n",
      "[[ 0.25878077  0.01120544  0.02021852]\n",
      " [ 0.01120544 -0.12975578  0.00048719]\n",
      " [ 0.02021852  0.00048719 -0.12902499]]\n",
      "[[ 0.27759518  0.01202012  0.02168848]\n",
      " [ 0.01202012 -0.13918955  0.00052261]\n",
      " [ 0.02168848  0.00052261 -0.13840563]]\n",
      "[[ 0.27759518  0.01202012  0.02168848]\n",
      " [ 0.01202012 -0.13918955  0.00052261]\n",
      " [ 0.02168848  0.00052261 -0.13840563]]\n",
      "[[ 0.29706976  0.01286339  0.02321003]\n",
      " [ 0.01286339 -0.14895434  0.00055928]\n",
      " [ 0.02321003  0.00055928 -0.14811542]]\n",
      "[[ 0.29706976  0.01286339  0.02321003]\n",
      " [ 0.01286339 -0.14895434  0.00055928]\n",
      " [ 0.02321003  0.00055928 -0.14811542]]\n",
      "[[ 0.31720448  0.01373524  0.02478316]\n",
      " [ 0.01373524 -0.15905013  0.00059718]\n",
      " [ 0.02478316  0.00059718 -0.15815435]]\n",
      "[[ 0.31720448  0.01373524  0.02478316]\n",
      " [ 0.01373524 -0.15905013  0.00059718]\n",
      " [ 0.02478316  0.00059718 -0.15815435]]\n",
      "[[ 0.33799937  0.01463568  0.02640786]\n",
      " [ 0.01463568 -0.16947693  0.00063633]\n",
      " [ 0.02640786  0.00063633 -0.16852243]]\n",
      "[[ 0.33799937  0.01463568  0.02640786]\n",
      " [ 0.01463568 -0.16947693  0.00063633]\n",
      " [ 0.02640786  0.00063633 -0.16852243]]\n",
      "[[ 0.35945441  0.0155647   0.02808414]\n",
      " [ 0.0155647  -0.18023475  0.00067673]\n",
      " [ 0.02808414  0.00067673 -0.17921966]]\n",
      "[[ 0.35945441  0.0155647   0.02808414]\n",
      " [ 0.0155647  -0.18023475  0.00067673]\n",
      " [ 0.02808414  0.00067673 -0.17921966]]\n",
      "[[ 0.3815696   0.01652231  0.029812  ]\n",
      " [ 0.01652231 -0.19132357  0.00071836]\n",
      " [ 0.029812    0.00071836 -0.19024603]]\n",
      "[[ 0.3815696   0.01652231  0.029812  ]\n",
      " [ 0.01652231 -0.19132357  0.00071836]\n",
      " [ 0.029812    0.00071836 -0.19024603]]\n",
      "[[ 0.40434495  0.0175085   0.03159143]\n",
      " [ 0.0175085  -0.2027434   0.00076124]\n",
      " [ 0.03159143  0.00076124 -0.20160154]]\n",
      "[[ 0.40434495  0.0175085   0.03159143]\n",
      " [ 0.0175085  -0.2027434   0.00076124]\n",
      " [ 0.03159143  0.00076124 -0.20160154]]\n",
      "[[ 0.42778045  0.01852328  0.03342244]\n",
      " [ 0.01852328 -0.21449425  0.00080536]\n",
      " [ 0.03342244  0.00080536 -0.2132862 ]]\n",
      "[[ 0.42778045  0.01852328  0.03342244]\n",
      " [ 0.01852328 -0.21449425  0.00080536]\n",
      " [ 0.03342244  0.00080536 -0.2132862 ]]\n",
      "[[ 0.45187611  0.01956665  0.03530504]\n",
      " [ 0.01956665 -0.2265761   0.00085072]\n",
      " [ 0.03530504  0.00085072 -0.22530001]]\n",
      "[[ 0.45187611  0.01956665  0.03530504]\n",
      " [ 0.01956665 -0.2265761   0.00085072]\n",
      " [ 0.03530504  0.00085072 -0.22530001]]\n",
      "[[ 0.47663192  0.0206386   0.03723921]\n",
      " [ 0.0206386  -0.23898896  0.00089733]\n",
      " [ 0.03723921  0.00089733 -0.23764296]]\n",
      "[[ 0.47663192  0.0206386   0.03723921]\n",
      " [ 0.0206386  -0.23898896  0.00089733]\n",
      " [ 0.03723921  0.00089733 -0.23764296]]\n",
      "[[ 0.50204789  0.02173913  0.03922495]\n",
      " [ 0.02173913 -0.25173283  0.00094518]\n",
      " [ 0.03922495  0.00094518 -0.25031506]]\n",
      "[[ 0.50204789  0.02173913  0.03922495]\n",
      " [ 0.02173913 -0.25173283  0.00094518]\n",
      " [ 0.03922495  0.00094518 -0.25031506]]\n",
      "[[ 0.52812401  0.02286825  0.04126228]\n",
      " [ 0.02286825 -0.26480771  0.00099427]\n",
      " [ 0.04126228  0.00099427 -0.2633163 ]]\n",
      "[[ 0.52812401  0.02286825  0.04126228]\n",
      " [ 0.02286825 -0.26480771  0.00099427]\n",
      " [ 0.04126228  0.00099427 -0.2633163 ]]\n",
      "[[ 0.55486029  0.02402596  0.04335118]\n",
      " [ 0.02402596 -0.2782136   0.00104461]\n",
      " [ 0.04335118  0.00104461 -0.27664669]]\n",
      "[[ 0.55486029  0.02402596  0.04335118]\n",
      " [ 0.02402596 -0.2782136   0.00104461]\n",
      " [ 0.04335118  0.00104461 -0.27664669]]\n",
      "[[ 0.58225672  0.02521225  0.04549166]\n",
      " [ 0.02521225 -0.2919505   0.00109618]\n",
      " [ 0.04549166  0.00109618 -0.29030622]]\n",
      "[[ 0.58225672  0.02521225  0.04549166]\n",
      " [ 0.02521225 -0.2919505   0.00109618]\n",
      " [ 0.04549166  0.00109618 -0.29030622]]\n",
      "[[ 0.61031331  0.02642712  0.04768372]\n",
      " [ 0.02642712 -0.30601841  0.00114901]\n",
      " [ 0.04768372  0.00114901 -0.3042949 ]]\n",
      "[[ 0.61031331  0.02642712  0.04768372]\n",
      " [ 0.02642712 -0.30601841  0.00114901]\n",
      " [ 0.04768372  0.00114901 -0.3042949 ]]\n",
      "[[ 0.63903005  0.02767058  0.04992736]\n",
      " [ 0.02767058 -0.32041733  0.00120307]\n",
      " [ 0.04992736  0.00120307 -0.31861273]]\n",
      "[[ 0.63903005  0.02767058  0.04992736]\n",
      " [ 0.02767058 -0.32041733  0.00120307]\n",
      " [ 0.04992736  0.00120307 -0.31861273]]\n",
      "[[ 0.66840695  0.02894263  0.05222257]\n",
      " [ 0.02894263 -0.33514726  0.00125838]\n",
      " [ 0.05222257  0.00125838 -0.3332597 ]]\n",
      "[[ 0.66840695  0.02894263  0.05222257]\n",
      " [ 0.02894263 -0.33514726  0.00125838]\n",
      " [ 0.05222257  0.00125838 -0.3332597 ]]\n",
      "[[ 0.69844401  0.03024326  0.05456936]\n",
      " [ 0.03024326 -0.3502082   0.00131492]\n",
      " [ 0.05456936  0.00131492 -0.34823581]]\n",
      "[[ 0.69844401  0.03024326  0.05456936]\n",
      " [ 0.03024326 -0.3502082   0.00131492]\n",
      " [ 0.05456936  0.00131492 -0.34823581]]\n",
      "[[ 0.72914121  0.03157248  0.05696773]\n",
      " [ 0.03157248 -0.36560014  0.00137272]\n",
      " [ 0.05696773  0.00137272 -0.36354107]]\n",
      "[[ 0.72914121  0.03157248  0.05696773]\n",
      " [ 0.03157248 -0.36560014  0.00137272]\n",
      " [ 0.05696773  0.00137272 -0.36354107]]\n",
      "[[ 0.76049858  0.03293028  0.05941768]\n",
      " [ 0.03293028 -0.3813231   0.00143175]\n",
      " [ 0.05941768  0.00143175 -0.37917548]]\n",
      "[[ 0.76049858  0.03293028  0.05941768]\n",
      " [ 0.03293028 -0.3813231   0.00143175]\n",
      " [ 0.05941768  0.00143175 -0.37917548]]\n",
      "[[ 0.7925161   0.03431667  0.06191921]\n",
      " [ 0.03431667 -0.39737707  0.00149203]\n",
      " [ 0.06191921  0.00149203 -0.39513903]]\n",
      "[[ 0.7925161   0.03431667  0.06191921]\n",
      " [ 0.03431667 -0.39737707  0.00149203]\n",
      " [ 0.06191921  0.00149203 -0.39513903]]\n",
      "[[ 0.82519377  0.03573164  0.06447231]\n",
      " [ 0.03573164 -0.41376205  0.00155355]\n",
      " [ 0.06447231  0.00155355 -0.41143172]]\n",
      "[[ 0.82519377  0.03573164  0.06447231]\n",
      " [ 0.03573164 -0.41376205  0.00155355]\n",
      " [ 0.06447231  0.00155355 -0.41143172]]\n",
      "[[ 0.8585316   0.0371752   0.06707699]\n",
      " [ 0.0371752  -0.43047803  0.00161631]\n",
      " [ 0.06707699  0.00161631 -0.42805356]]\n",
      "[[ 0.8585316   0.0371752   0.06707699]\n",
      " [ 0.0371752  -0.43047803  0.00161631]\n",
      " [ 0.06707699  0.00161631 -0.42805356]]\n",
      "[[ 0.89252958  0.03864734  0.06973325]\n",
      " [ 0.03864734 -0.44752503  0.00168032]\n",
      " [ 0.06973325  0.00168032 -0.44500455]]\n",
      "[[ 0.89252958  0.03864734  0.06973325]\n",
      " [ 0.03864734 -0.44752503  0.00168032]\n",
      " [ 0.06973325  0.00168032 -0.44500455]]\n",
      "[[ 0.92718772  0.04014807  0.07244109]\n",
      " [ 0.04014807 -0.46490304  0.00174557]\n",
      " [ 0.07244109  0.00174557 -0.46228468]]\n",
      "[[ 0.92718772  0.04014807  0.07244109]\n",
      " [ 0.04014807 -0.46490304  0.00174557]\n",
      " [ 0.07244109  0.00174557 -0.46228468]]\n",
      "[[ 0.96250601  0.04167739  0.0752005 ]\n",
      " [ 0.04167739 -0.48261205  0.00181206]\n",
      " [ 0.0752005   0.00181206 -0.47989396]]\n",
      "[[ 0.96250601  0.04167739  0.0752005 ]\n",
      " [ 0.04167739 -0.48261205  0.00181206]\n",
      " [ 0.0752005   0.00181206 -0.47989396]]\n",
      "[[ 0.99848446  0.04323529  0.07801149]\n",
      " [ 0.04323529 -0.50065208  0.0018798 ]\n",
      " [ 0.07801149  0.0018798  -0.49783238]]\n",
      "[[ 0.99848446  0.04323529  0.07801149]\n",
      " [ 0.04323529 -0.50065208  0.0018798 ]\n",
      " [ 0.07801149  0.0018798  -0.49783238]]\n",
      "[[ 1.03512306  0.04482177  0.08087406]\n",
      " [ 0.04482177 -0.51902311  0.00194877]\n",
      " [ 0.08087406  0.00194877 -0.51609995]]\n",
      "[[ 1.03512306  0.04482177  0.08087406]\n",
      " [ 0.04482177 -0.51902311  0.00194877]\n",
      " [ 0.08087406  0.00194877 -0.51609995]]\n",
      "[[ 1.07242182  0.04643684  0.08378821]\n",
      " [ 0.04643684 -0.53772516  0.00201899]\n",
      " [ 0.08378821  0.00201899 -0.53469667]]\n",
      "[[ 1.07242182  0.04643684  0.08378821]\n",
      " [ 0.04643684 -0.53772516  0.00201899]\n",
      " [ 0.08378821  0.00201899 -0.53469667]]\n",
      "[[ 1.11038074  0.0480805   0.08675394]\n",
      " [ 0.0480805  -0.55675821  0.00209046]\n",
      " [ 0.08675394  0.00209046 -0.55362253]]\n",
      "[[ 1.11038074  0.0480805   0.08675394]\n",
      " [ 0.0480805  -0.55675821  0.00209046]\n",
      " [ 0.08675394  0.00209046 -0.55362253]]\n",
      "[[ 1.1489998   0.04975274  0.08977124]\n",
      " [ 0.04975274 -0.57612227  0.00216316]\n",
      " [ 0.08977124  0.00216316 -0.57287753]]\n",
      "[[ 1.1489998   0.04975274  0.08977124]\n",
      " [ 0.04975274 -0.57612227  0.00216316]\n",
      " [ 0.08977124  0.00216316 -0.57287753]]\n",
      "[[ 1.18827903  0.05145356  0.09284012]\n",
      " [ 0.05145356 -0.59581735  0.00223711]\n",
      " [ 0.09284012  0.00223711 -0.59246168]]\n",
      "[[ 1.18827903  0.05145356  0.09284012]\n",
      " [ 0.05145356 -0.59581735  0.00223711]\n",
      " [ 0.09284012  0.00223711 -0.59246168]]\n",
      "[[ 1.22821841  0.05318297  0.09596058]\n",
      " [ 0.05318297 -0.61584343  0.0023123 ]\n",
      " [ 0.09596058  0.0023123  -0.61237498]]\n",
      "[[ 1.22821841  0.05318297  0.09596058]\n",
      " [ 0.05318297 -0.61584343  0.0023123 ]\n",
      " [ 0.09596058  0.0023123  -0.61237498]]\n",
      "[[ 1.26881794  0.05494097  0.09913262]\n",
      " [ 0.05494097 -0.63620052  0.00238874]\n",
      " [ 0.09913262  0.00238874 -0.63261742]]\n",
      "[[ 1.26881794  0.05494097  0.09913262]\n",
      " [ 0.05494097 -0.63620052  0.00238874]\n",
      " [ 0.09913262  0.00238874 -0.63261742]]\n",
      "[[ 1.31007763  0.05672755  0.10235624]\n",
      " [ 0.05672755 -0.65688863  0.00246642]\n",
      " [ 0.10235624  0.00246642 -0.653189  ]]\n",
      "[[ 1.31007763  0.05672755  0.10235624]\n",
      " [ 0.05672755 -0.65688863  0.00246642]\n",
      " [ 0.10235624  0.00246642 -0.653189  ]]\n",
      "[[ 1.35199747  0.05854272  0.10563143]\n",
      " [ 0.05854272 -0.67790774  0.00254534]\n",
      " [ 0.10563143  0.00254534 -0.67408973]]\n",
      "[[ 1.35199747  0.05854272  0.10563143]\n",
      " [ 0.05854272 -0.67790774  0.00254534]\n",
      " [ 0.10563143  0.00254534 -0.67408973]]\n",
      "[[ 1.39457747  0.06038647  0.1089582 ]\n",
      " [ 0.06038647 -0.69925786  0.0026255 ]\n",
      " [ 0.1089582   0.0026255  -0.69531961]]\n",
      "[[ 1.39457747  0.06038647  0.1089582 ]\n",
      " [ 0.06038647 -0.69925786  0.0026255 ]\n",
      " [ 0.1089582   0.0026255  -0.69531961]]\n",
      "[[ 1.43781762  0.06225881  0.11233655]\n",
      " [ 0.06225881 -0.72093899  0.0027069 ]\n",
      " [ 0.11233655  0.0027069  -0.71687863]]\n",
      "[[ 1.43781762  0.06225881  0.11233655]\n",
      " [ 0.06225881 -0.72093899  0.0027069 ]\n",
      " [ 0.11233655  0.0027069  -0.71687863]]\n",
      "[[ 1.48171793  0.06415973  0.11576648]\n",
      " [ 0.06415973 -0.74295113  0.00278955]\n",
      " [ 0.11576648  0.00278955 -0.7387668 ]]\n",
      "[[ 1.48171793  0.06415973  0.11576648]\n",
      " [ 0.06415973 -0.74295113  0.00278955]\n",
      " [ 0.11576648  0.00278955 -0.7387668 ]]\n",
      "[[ 1.5262784   0.06608924  0.11924798]\n",
      " [ 0.06608924 -0.76529428  0.00287345]\n",
      " [ 0.11924798  0.00287345 -0.76098411]]\n",
      "[[ 1.5262784   0.06608924  0.11924798]\n",
      " [ 0.06608924 -0.76529428  0.00287345]\n",
      " [ 0.11924798  0.00287345 -0.76098411]]\n",
      "[[ 1.57149901  0.06804734  0.12278107]\n",
      " [ 0.06804734 -0.78796844  0.00295858]\n",
      " [ 0.12278107  0.00295858 -0.78353057]]\n",
      "[[ 1.57149901  0.06804734  0.12278107]\n",
      " [ 0.06804734 -0.78796844  0.00295858]\n",
      " [ 0.12278107  0.00295858 -0.78353057]]\n",
      "[[ 1.61737979  0.07003402  0.12636573]\n",
      " [ 0.07003402 -0.81097361  0.00304496]\n",
      " [ 0.12636573  0.00304496 -0.80640618]]\n",
      "[[ 1.61737979  0.07003402  0.12636573]\n",
      " [ 0.07003402 -0.81097361  0.00304496]\n",
      " [ 0.12636573  0.00304496 -0.80640618]]\n",
      "[[ 1.66392072  0.07204928  0.13000196]\n",
      " [ 0.07204928 -0.83430979  0.00313258]\n",
      " [ 0.13000196  0.00313258 -0.82961092]]\n",
      "[[ 1.66392072  0.07204928  0.13000196]\n",
      " [ 0.07204928 -0.83430979  0.00313258]\n",
      " [ 0.13000196  0.00313258 -0.82961092]]\n",
      "[[ 1.7111218   0.07409313  0.13368978]\n",
      " [ 0.07409313 -0.85797698  0.00322144]\n",
      " [ 0.13368978  0.00322144 -0.85314482]]\n",
      "[[ 1.7111218   0.07409313  0.13368978]\n",
      " [ 0.07409313 -0.85797698  0.00322144]\n",
      " [ 0.13368978  0.00322144 -0.85314482]]\n",
      "[[ 1.75898304  0.07616557  0.13742917]\n",
      " [ 0.07616557 -0.88197518  0.00331155]\n",
      " [ 0.13742917  0.00331155 -0.87700786]]\n",
      "[[ 1.75898304  0.07616557  0.13742917]\n",
      " [ 0.07616557 -0.88197518  0.00331155]\n",
      " [ 0.13742917  0.00331155 -0.87700786]]\n",
      "[[ 1.80750443  0.07826659  0.14122015]\n",
      " [ 0.07826659 -0.90630439  0.0034029 ]\n",
      " [ 0.14122015  0.0034029  -0.90120004]]\n",
      "[[ 1.80750443  0.07826659  0.14122015]\n",
      " [ 0.07826659 -0.90630439  0.0034029 ]\n",
      " [ 0.14122015  0.0034029  -0.90120004]]\n",
      "[[ 1.85668598  0.08039619  0.1450627 ]\n",
      " [ 0.08039619 -0.93096461  0.00349549]\n",
      " [ 0.1450627   0.00349549 -0.92572138]]\n",
      "[[ 1.85668598  0.08039619  0.1450627 ]\n",
      " [ 0.08039619 -0.93096461  0.00349549]\n",
      " [ 0.1450627   0.00349549 -0.92572138]]\n",
      "[[ 1.90652768  0.08255438  0.14895682]\n",
      " [ 0.08255438 -0.95595583  0.00358932]\n",
      " [ 0.14895682  0.00358932 -0.95057185]]\n",
      "[[ 1.90652768  0.08255438  0.14895682]\n",
      " [ 0.08255438 -0.95595583  0.00358932]\n",
      " [ 0.14895682  0.00358932 -0.95057185]]\n",
      "[[ 1.95702954  0.08474116  0.15290253]\n",
      " [ 0.08474116 -0.98127807  0.0036844 ]\n",
      " [ 0.15290253  0.0036844  -0.97575147]]\n",
      "[[ 1.95702954  0.08474116  0.15290253]\n",
      " [ 0.08474116 -0.98127807  0.0036844 ]\n",
      " [ 0.15290253  0.0036844  -0.97575147]]\n",
      "[[ 2.00819156  0.08695652  0.15689981]\n",
      " [ 0.08695652 -1.00693132  0.00378072]\n",
      " [ 0.15689981  0.00378072 -1.00126024]]\n",
      "[[ 2.00819156  0.08695652  0.15689981]\n",
      " [ 0.08695652 -1.00693132  0.00378072]\n",
      " [ 0.15689981  0.00378072 -1.00126024]]\n",
      "[[ 2.06001373  0.08920047  0.16094867]\n",
      " [ 0.08920047 -1.03291557  0.00387828]\n",
      " [ 0.16094867  0.00387828 -1.02709815]]\n",
      "[[ 2.06001373  0.08920047  0.16094867]\n",
      " [ 0.08920047 -1.03291557  0.00387828]\n",
      " [ 0.16094867  0.00387828 -1.02709815]]\n",
      "[[ 2.11249605  0.091473    0.16504911]\n",
      " [ 0.091473   -1.05923084  0.00397709]\n",
      " [ 0.16504911  0.00397709 -1.05326521]]\n",
      "[[ 2.11249605  0.091473    0.16504911]\n",
      " [ 0.091473   -1.05923084  0.00397709]\n",
      " [ 0.16504911  0.00397709 -1.05326521]]\n",
      "[[ 2.16563853  0.09377412  0.16920113]\n",
      " [ 0.09377412 -1.08587712  0.00407714]\n",
      " [ 0.16920113  0.00407714 -1.07976141]]\n",
      "[[ 2.16563853  0.09377412  0.16920113]\n",
      " [ 0.09377412 -1.08587712  0.00407714]\n",
      " [ 0.16920113  0.00407714 -1.07976141]]\n",
      "[[ 2.21944116  0.09610382  0.17340472]\n",
      " [ 0.09610382 -1.1128544   0.00417843]\n",
      " [ 0.17340472  0.00417843 -1.10658676]]\n",
      "[[ 2.21944116  0.09610382  0.17340472]\n",
      " [ 0.09610382 -1.1128544   0.00417843]\n",
      " [ 0.17340472  0.00417843 -1.10658676]]\n",
      "[[ 2.27390395  0.09846211  0.17765989]\n",
      " [ 0.09846211 -1.1401627   0.00428096]\n",
      " [ 0.17765989  0.00428096 -1.13374125]]\n",
      "[[ 2.27390395  0.09846211  0.17765989]\n",
      " [ 0.09846211 -1.1401627   0.00428096]\n",
      " [ 0.17765989  0.00428096 -1.13374125]]\n",
      "[[ 2.32902689  0.10084898  0.18196664]\n",
      " [ 0.10084898 -1.167802    0.00438474]\n",
      " [ 0.18196664  0.00438474 -1.16122489]]\n",
      "[[ 2.32902689  0.10084898  0.18196664]\n",
      " [ 0.10084898 -1.167802    0.00438474]\n",
      " [ 0.18196664  0.00438474 -1.16122489]]\n",
      "[[ 2.38480999  0.10326444  0.18632497]\n",
      " [ 0.10326444 -1.19577232  0.00448976]\n",
      " [ 0.18632497  0.00448976 -1.18903768]]\n",
      "[[ 2.38480999  0.10326444  0.18632497]\n",
      " [ 0.10326444 -1.19577232  0.00448976]\n",
      " [ 0.18632497  0.00448976 -1.18903768]]\n",
      "[[ 2.44125325  0.10570849  0.19073488]\n",
      " [ 0.10570849 -1.22407364  0.00459602]\n",
      " [ 0.19073488  0.00459602 -1.21717961]]\n",
      "[[ 2.44125325  0.10570849  0.19073488]\n",
      " [ 0.10570849 -1.22407364  0.00459602]\n",
      " [ 0.19073488  0.00459602 -1.21717961]]\n",
      "[[ 2.49835666  0.10818112  0.19519636]\n",
      " [ 0.10818112 -1.25270597  0.00470353]\n",
      " [ 0.19519636  0.00470353 -1.24565068]]\n",
      "[[ 2.49835666  0.10818112  0.19519636]\n",
      " [ 0.10818112 -1.25270597  0.00470353]\n",
      " [ 0.19519636  0.00470353 -1.24565068]]\n",
      "[[ 2.55612022  0.11068233  0.19970942]\n",
      " [ 0.11068233 -1.28166932  0.00481228]\n",
      " [ 0.19970942  0.00481228 -1.2744509 ]]\n",
      "[[ 2.55612022  0.11068233  0.19970942]\n",
      " [ 0.11068233 -1.28166932  0.00481228]\n",
      " [ 0.19970942  0.00481228 -1.2744509 ]]\n",
      "[[ 2.61454394  0.11321213  0.20427406]\n",
      " [ 0.11321213 -1.31096367  0.00492227]\n",
      " [ 0.20427406  0.00492227 -1.30358027]]\n",
      "[[ 2.61454394  0.11321213  0.20427406]\n",
      " [ 0.11321213 -1.31096367  0.00492227]\n",
      " [ 0.20427406  0.00492227 -1.30358027]]\n",
      "[[ 2.67362781  0.11577052  0.20889028]\n",
      " [ 0.11577052 -1.34058903  0.0050335 ]\n",
      " [ 0.20889028  0.0050335  -1.33303878]]\n",
      "[[ 2.67362781  0.11577052  0.20889028]\n",
      " [ 0.11577052 -1.34058903  0.0050335 ]\n",
      " [ 0.20889028  0.0050335  -1.33303878]]\n",
      "[[ 2.73337184  0.11835749  0.21355808]\n",
      " [ 0.11835749 -1.3705454   0.00514598]\n",
      " [ 0.21355808  0.00514598 -1.36282644]]\n",
      "[[ 2.73337184  0.11835749  0.21355808]\n",
      " [ 0.11835749 -1.3705454   0.00514598]\n",
      " [ 0.21355808  0.00514598 -1.36282644]]\n",
      "[[ 2.79377602  0.12097304  0.21827745]\n",
      " [ 0.12097304 -1.40083279  0.0052597 ]\n",
      " [ 0.21827745  0.0052597  -1.39294324]]\n",
      "[[ 2.79377602  0.12097304  0.21827745]\n",
      " [ 0.12097304 -1.40083279  0.0052597 ]\n",
      " [ 0.21827745  0.0052597  -1.39294324]]\n",
      "[[ 2.85484036  0.12361719  0.2230484 ]\n",
      " [ 0.12361719 -1.43145118  0.00537466]\n",
      " [ 0.2230484   0.00537466 -1.42338919]]\n",
      "[[ 2.85484036  0.12361719  0.2230484 ]\n",
      " [ 0.12361719 -1.43145118  0.00537466]\n",
      " [ 0.2230484   0.00537466 -1.42338919]]\n",
      "[[ 2.91656486  0.12628991  0.22787093]\n",
      " [ 0.12628991 -1.46240058  0.00549087]\n",
      " [ 0.22787093  0.00549087 -1.45416428]]\n",
      "[[ 2.91656486  0.12628991  0.22787093]\n",
      " [ 0.12628991 -1.46240058  0.00549087]\n",
      " [ 0.22787093  0.00549087 -1.45416428]]\n",
      "[[ 2.97894951  0.12899122  0.23274504]\n",
      " [ 0.12899122 -1.49368099  0.00560831]\n",
      " [ 0.23274504  0.00560831 -1.48526852]]\n",
      "[[ 2.97894951  0.12899122  0.23274504]\n",
      " [ 0.12899122 -1.49368099  0.00560831]\n",
      " [ 0.23274504  0.00560831 -1.48526852]]\n",
      "[[ 3.04199431  0.13172112  0.23767072]\n",
      " [ 0.13172112 -1.52529241  0.00572701]\n",
      " [ 0.23767072  0.00572701 -1.5167019 ]]\n",
      "[[ 3.04199431  0.13172112  0.23767072]\n",
      " [ 0.13172112 -1.52529241  0.00572701]\n",
      " [ 0.23767072  0.00572701 -1.5167019 ]]\n",
      "[[ 3.10569927  0.1344796   0.24264798]\n",
      " [ 0.1344796  -1.55723484  0.00584694]\n",
      " [ 0.24264798  0.00584694 -1.54846443]]\n",
      "[[ 3.10569927  0.1344796   0.24264798]\n",
      " [ 0.1344796  -1.55723484  0.00584694]\n",
      " [ 0.24264798  0.00584694 -1.54846443]]\n",
      "[[ 3.17006438  0.13726667  0.24767682]\n",
      " [ 0.13726667 -1.58950828  0.00596812]\n",
      " [ 0.24767682  0.00596812 -1.5805561 ]]\n",
      "[[ 3.17006438  0.13726667  0.24767682]\n",
      " [ 0.13726667 -1.58950828  0.00596812]\n",
      " [ 0.24767682  0.00596812 -1.5805561 ]]\n",
